submitter_id,vital_status,days_to_death,days_to_last_follow_up,overall_survival
TCGA-02-0339,0.0,377.0,377.0,377.0
TCGA-12-0820,0.0,562.0,562.0,562.0
TCGA-06-0209,0.0,232.0,119.0,232.0
TCGA-06-6390,0.0,164.0,164.0,164.0
TCGA-4W-AA9R,1.0,0.0,124.0,124.0
TCGA-06-0119,0.0,82.0,0.0,82.0
TCGA-06-2559,0.0,150.0,150.0,150.0
TCGA-02-0258,0.0,503.0,503.0,503.0
TCGA-06-0131,0.0,0.0,0.0,0.0
TCGA-27-1836,0.0,914.0,0.0,914.0
TCGA-02-0037,0.0,110.0,110.0,110.0
TCGA-06-0221,0.0,603.0,548.0,603.0
TCGA-08-0347,0.0,782.0,419.0,782.0
TCGA-19-4068,1.0,0.0,137.0,137.0
TCGA-02-0439,0.0,20.0,20.0,20.0
TCGA-76-4926,0.0,138.0,138.0,138.0
TCGA-06-0127,0.0,121.0,109.0,121.0
TCGA-02-0080,0.0,2729.0,2729.0,2729.0
TCGA-14-3477,1.0,0.0,115.0,115.0
TCGA-08-0521,0.0,146.0,146.0,146.0
TCGA-27-1832,0.0,300.0,0.0,300.0
TCGA-26-1439,0.0,422.0,0.0,422.0
TCGA-06-1802,0.0,466.0,240.0,466.0
TCGA-12-0819,0.0,754.0,754.0,754.0
TCGA-02-0033,0.0,86.0,86.0,86.0
TCGA-74-6575,1.0,0.0,636.0,636.0
TCGA-14-0817,0.0,164.0,164.0,164.0
TCGA-06-2562,0.0,382.0,86.0,382.0
TCGA-02-0079,0.0,829.0,829.0,829.0
TCGA-06-0156,0.0,178.0,164.0,178.0
TCGA-14-1821,0.0,541.0,541.0,541.0
TCGA-02-0001,0.0,358.0,279.0,358.0
TCGA-02-0086,0.0,268.0,268.0,268.0
TCGA-14-1456,1.0,0.0,1246.0,1246.0
TCGA-14-1827,0.0,179.0,179.0,179.0
TCGA-06-0645,0.0,175.0,98.0,175.0
TCGA-28-2512,0.0,343.0,343.0,343.0
TCGA-08-0389,0.0,467.0,97.0,467.0
TCGA-02-0009,0.0,322.0,322.0,322.0
TCGA-32-1973,0.0,641.0,641.0,641.0
TCGA-76-4928,0.0,94.0,94.0,94.0
TCGA-14-2555,1.0,0.0,242.0,242.0
TCGA-06-0749,0.0,82.0,66.0,82.0
TCGA-06-0877,0.0,0.0,204.0,204.0
TCGA-19-5951,0.0,244.0,244.0,244.0
TCGA-RR-A6KB,1.0,0.0,0.0,0.0
TCGA-32-4719,0.0,330.0,330.0,330.0
TCGA-16-0846,0.0,119.0,119.0,119.0
TCGA-02-0046,0.0,209.0,209.0,209.0
TCGA-14-1454,0.0,918.0,918.0,918.0
TCGA-19-1387,1.0,0.0,181.0,181.0
TCGA-08-0524,0.0,221.0,199.0,221.0
TCGA-12-1091,0.0,1010.0,929.0,1010.0
TCGA-06-0648,0.0,298.0,294.0,298.0
TCGA-08-0355,0.0,747.0,685.0,747.0
TCGA-76-6286,0.0,638.0,638.0,638.0
TCGA-76-6660,0.0,114.0,0.0,114.0
TCGA-08-0354,0.0,546.0,458.0,546.0
TCGA-06-0182,0.0,111.0,77.0,111.0
TCGA-02-0271,0.0,440.0,440.0,440.0
TCGA-12-1098,0.0,121.0,121.0,121.0
TCGA-02-0332,0.0,782.0,782.0,782.0
TCGA-32-2634,1.0,0.0,693.0,693.0
TCGA-08-0357,0.0,1143.0,1084.0,1143.0
TCGA-06-0125,0.0,1448.0,1439.0,1448.0
TCGA-08-0345,0.0,53.0,53.0,53.0
TCGA-06-0208,0.0,256.0,167.0,256.0
TCGA-08-0375,0.0,372.0,279.0,372.0
TCGA-06-2557,0.0,33.0,33.0,33.0
TCGA-06-5412,0.0,138.0,138.0,138.0
TCGA-12-0707,0.0,864.0,0.0,864.0
TCGA-02-0266,0.0,539.0,539.0,539.0
TCGA-19-0962,0.0,20.0,13.0,20.0
TCGA-RR-A6KC,0.0,625.0,0.0,625.0
TCGA-06-2569,1.0,0.0,13.0,13.0
TCGA-12-0826,0.0,845.0,845.0,845.0
TCGA-02-0326,0.0,223.0,5.0,223.0
TCGA-26-6174,1.0,0.0,71.0,71.0
TCGA-76-6191,0.0,508.0,508.0,508.0
TCGA-08-0350,0.0,889.0,104.0,889.0
TCGA-06-5856,0.0,114.0,114.0,114.0
TCGA-06-0179,0.0,616.0,578.0,616.0
TCGA-14-1453,0.0,35.0,35.0,35.0
TCGA-08-0373,0.0,134.0,134.0,134.0
TCGA-08-0352,0.0,39.0,39.0,39.0
TCGA-41-3392,0.0,30.0,30.0,30.0
TCGA-12-5299,0.0,98.0,98.0,98.0
TCGA-14-0789,0.0,342.0,342.0,342.0
TCGA-06-0745,0.0,239.0,164.0,239.0
TCGA-06-2570,1.0,0.0,958.0,958.0
TCGA-26-5139,1.0,0.0,48.0,48.0
TCGA-02-0047,0.0,448.0,448.0,448.0
TCGA-02-0003,0.0,144.0,144.0,144.0
TCGA-19-5953,0.0,144.0,144.0,144.0
TCGA-06-0190,0.0,317.0,313.0,317.0
TCGA-32-1979,0.0,593.0,593.0,593.0
TCGA-27-2524,0.0,231.0,231.0,231.0
TCGA-14-1401,0.0,114.0,114.0,114.0
TCGA-19-1388,0.0,394.0,394.0,394.0
TCGA-06-0214,0.0,457.0,378.0,457.0
TCGA-19-0963,0.0,434.0,434.0,434.0
TCGA-14-0736,0.0,460.0,460.0,460.0
TCGA-06-0157,0.0,97.0,97.0,97.0
TCGA-19-1788,0.0,112.0,112.0,112.0
TCGA-12-0821,0.0,323.0,323.0,323.0
TCGA-28-2502,1.0,0.0,20.0,20.0
TCGA-06-0171,0.0,399.0,396.0,399.0
TCGA-06-2558,0.0,380.0,23.0,380.0
TCGA-02-0285,0.0,422.0,422.0,422.0
TCGA-08-0520,0.0,327.0,327.0,327.0
TCGA-08-0525,0.0,486.0,486.0,486.0
TCGA-06-A7TK,0.0,444.0,164.0,444.0
TCGA-14-0812,0.0,99.0,99.0,99.0
TCGA-32-1980,0.0,36.0,36.0,36.0
TCGA-02-0087,1.0,0.0,1757.0,1757.0
TCGA-08-0517,0.0,1785.0,1770.0,1785.0
TCGA-06-1804,0.0,414.0,414.0,414.0
TCGA-02-0052,0.0,383.0,383.0,383.0
TCGA-16-1460,1.0,0.0,195.0,195.0
TCGA-4W-AA9T,1.0,0.0,778.0,778.0
TCGA-06-0216,0.0,735.0,684.0,735.0
TCGA-26-6173,1.0,0.0,241.0,241.0
TCGA-02-2485,1.0,0.0,470.0,470.0
TCGA-12-0662,0.0,1161.0,1161.0,1161.0
TCGA-32-4211,0.0,383.0,383.0,383.0
TCGA-14-0790,0.0,419.0,419.0,419.0
TCGA-12-1089,0.0,177.0,177.0,177.0
TCGA-12-1602,0.0,206.0,195.0,206.0
TCGA-12-0691,0.0,369.0,186.0,369.0
TCGA-76-6285,0.0,254.0,254.0,254.0
TCGA-06-0176,1.0,0.0,2768.0,2768.0
TCGA-28-1749,1.0,0.0,280.0,280.0
TCGA-14-1043,0.0,24.0,24.0,24.0
TCGA-06-0145,0.0,71.0,71.0,71.0
TCGA-06-5413,1.0,0.0,268.0,268.0
TCGA-19-1786,1.0,0.0,218.0,218.0
TCGA-08-0518,0.0,588.0,39.0,588.0
TCGA-28-5220,0.0,388.0,319.0,388.0
TCGA-06-0188,0.0,1356.0,866.0,1356.0
TCGA-08-0360,0.0,468.0,352.0,468.0
TCGA-32-1970,0.0,468.0,468.0,468.0
TCGA-06-0129,0.0,1024.0,989.0,1024.0
TCGA-32-2494,0.0,632.0,632.0,632.0
TCGA-16-0861,0.0,0.0,131.0,131.0
TCGA-12-5295,0.0,454.0,399.0,454.0
TCGA-06-0409,0.0,2201.0,2145.0,2201.0
TCGA-41-5651,0.0,460.0,351.0,460.0
TCGA-12-0827,0.0,1179.0,1179.0,1179.0
TCGA-28-5209,1.0,0.0,442.0,442.0
TCGA-06-6701,1.0,0.0,151.0,151.0
TCGA-02-0024,0.0,1615.0,1615.0,1615.0
TCGA-06-0879,0.0,1229.0,699.0,1229.0
TCGA-08-0348,0.0,370.0,316.0,370.0
TCGA-87-5896,1.0,0.0,800.0,800.0
TCGA-06-0750,0.0,28.0,28.0,28.0
TCGA-28-1746,1.0,0.0,6.0,6.0
TCGA-14-1794,0.0,30.0,30.0,30.0
TCGA-28-1745,1.0,0.0,345.0,345.0
TCGA-76-4931,0.0,279.0,279.0,279.0
TCGA-06-0162,0.0,104.0,78.0,104.0
TCGA-19-2621,0.0,33.0,33.0,33.0
TCGA-19-5952,0.0,575.0,567.0,575.0
TCGA-12-1094,0.0,372.0,346.0,372.0
TCGA-06-6694,0.0,224.0,224.0,224.0
TCGA-32-4213,1.0,0.0,604.0,604.0
TCGA-26-1799,0.0,285.0,285.0,285.0
TCGA-32-1982,0.0,142.0,142.0,142.0
TCGA-06-0210,0.0,225.0,151.0,225.0
TCGA-14-1034,0.0,485.0,485.0,485.0
TCGA-08-0390,0.0,425.0,322.0,425.0
TCGA-06-0743,0.0,803.0,679.0,803.0
TCGA-06-0140,0.0,6.0,0.0,6.0
TCGA-19-A6J5,1.0,0.0,868.0,868.0
TCGA-06-A5U0,1.0,0.0,815.0,815.0
TCGA-08-0380,0.0,454.0,330.0,454.0
TCGA-06-0148,0.0,307.0,298.0,307.0
TCGA-06-1801,0.0,360.0,263.0,360.0
TCGA-12-0615,0.0,467.0,426.0,467.0
TCGA-08-0512,0.0,1282.0,358.0,1282.0
TCGA-06-6391,0.0,45.0,0.0,45.0
TCGA-06-0882,0.0,632.0,165.0,632.0
TCGA-12-3646,0.0,1339.0,1315.0,1339.0
TCGA-81-5910,0.0,49.0,0.0,49.0
TCGA-32-2495,0.0,457.0,457.0,457.0
TCGA-06-0138,0.0,737.0,674.0,737.0
TCGA-02-0026,0.0,748.0,748.0,748.0
TCGA-06-2567,0.0,133.0,133.0,133.0
TCGA-06-0177,0.0,127.0,61.0,127.0
TCGA-28-2499,0.0,0.0,95.0,95.0
TCGA-02-2483,1.0,0.0,466.0,466.0
TCGA-02-0069,1.0,0.0,873.0,873.0
TCGA-32-1978,0.0,482.0,482.0,482.0
TCGA-02-0281,0.0,121.0,121.0,121.0
TCGA-06-A5U1,0.0,57.0,0.0,57.0
TCGA-08-0358,0.0,678.0,594.0,678.0
TCGA-19-1390,0.0,772.0,772.0,772.0
TCGA-OX-A56R,0.0,180.0,0.0,180.0
TCGA-27-2523,0.0,489.0,489.0,489.0
TCGA-41-3393,0.0,135.0,135.0,135.0
TCGA-06-5411,0.0,254.0,254.0,254.0
TCGA-12-0780,0.0,452.0,434.0,452.0
TCGA-06-0238,0.0,405.0,359.0,405.0
TCGA-08-0359,0.0,103.0,29.0,103.0
TCGA-32-4209,0.0,618.0,604.0,618.0
TCGA-06-0644,0.0,384.0,375.0,384.0
TCGA-06-0168,0.0,598.0,579.0,598.0
TCGA-19-2629,0.0,737.0,501.0,737.0
TCGA-06-0166,0.0,178.0,161.0,178.0
TCGA-06-2563,1.0,0.0,932.0,932.0
TCGA-02-0432,0.0,1433.0,1433.0,1433.0
TCGA-02-0115,0.0,476.0,476.0,476.0
TCGA-32-2638,0.0,766.0,644.0,766.0
TCGA-14-0865,0.0,502.0,502.0,502.0
TCGA-19-5958,0.0,428.0,164.0,428.0
TCGA-02-0060,0.0,183.0,183.0,183.0
TCGA-06-5858,1.0,0.0,187.0,187.0
TCGA-12-0778,0.0,454.0,452.0,454.0
TCGA-06-0192,0.0,1185.0,557.0,1185.0
TCGA-06-2564,1.0,0.0,181.0,181.0
TCGA-02-0071,0.0,167.0,167.0,167.0
TCGA-12-0773,0.0,1315.0,1311.0,1315.0
TCGA-19-1386,0.0,276.0,276.0,276.0
TCGA-26-1443,1.0,0.0,217.0,217.0
TCGA-02-0064,0.0,600.0,600.0,600.0
TCGA-06-0394,0.0,329.0,314.0,329.0
TCGA-02-0089,0.0,516.0,516.0,516.0
TCGA-41-2573,1.0,0.0,272.0,272.0
TCGA-06-0649,0.0,64.0,62.0,64.0
TCGA-14-4157,1.0,0.0,104.0,104.0
TCGA-06-0178,0.0,2681.0,1642.0,2681.0
TCGA-02-0083,0.0,691.0,691.0,691.0
TCGA-14-1823,0.0,543.0,543.0,543.0
TCGA-19-A60I,1.0,0.0,541.0,541.0
TCGA-12-0776,0.0,296.0,277.0,296.0
TCGA-02-0106,0.0,355.0,355.0,355.0
TCGA-19-1790,0.0,154.0,154.0,154.0
TCGA-28-5204,0.0,454.0,0.0,454.0
TCGA-12-0657,0.0,3.0,3.0,3.0
TCGA-06-0413,0.0,96.0,5.0,96.0
TCGA-28-2509,1.0,0.0,145.0,145.0
TCGA-14-2554,0.0,532.0,532.0,532.0
TCGA-19-2631,0.0,213.0,213.0,213.0
TCGA-32-1987,0.0,452.0,452.0,452.0
TCGA-06-6695,1.0,0.0,253.0,253.0
TCGA-19-1787,0.0,385.0,385.0,385.0
TCGA-02-0015,0.0,627.0,627.0,627.0
TCGA-06-0197,0.0,169.0,79.0,169.0
TCGA-06-0165,0.0,324.0,0.0,324.0
TCGA-06-A7TL,1.0,0.0,539.0,539.0
TCGA-28-1747,0.0,77.0,77.0,77.0
TCGA-16-1060,0.0,278.0,111.0,278.0
TCGA-12-1599,0.0,781.0,769.0,781.0
TCGA-74-6578,1.0,0.0,436.0,436.0
TCGA-76-4932,0.0,1458.0,1458.0,1458.0
TCGA-12-1600,0.0,448.0,414.0,448.0
TCGA-28-5207,0.0,343.0,275.0,343.0
TCGA-14-0787,0.0,68.0,68.0,68.0
TCGA-19-2620,0.0,148.0,148.0,148.0
TCGA-32-2498,0.0,0.0,0.0,0.0
TCGA-06-0219,0.0,22.0,11.0,22.0
TCGA-27-2527,0.0,438.0,438.0,438.0
TCGA-32-2632,0.0,269.0,0.0,269.0
TCGA-08-0514,0.0,337.0,259.0,337.0
TCGA-28-5214,0.0,713.0,432.0,713.0
TCGA-06-0744,0.0,1426.0,595.0,1426.0
TCGA-02-0430,0.0,321.0,321.0,321.0
TCGA-14-1037,0.0,587.0,587.0,587.0
TCGA-32-4208,1.0,0.0,643.0,643.0
TCGA-28-1751,1.0,0.0,232.0,232.0
TCGA-02-0051,0.0,459.0,459.0,459.0
TCGA-02-0048,0.0,98.0,98.0,98.0
TCGA-12-0772,0.0,1638.0,1615.0,1638.0
TCGA-06-0150,0.0,592.0,0.0,592.0
TCGA-28-5208,0.0,544.0,474.0,544.0
TCGA-06-0241,0.0,1481.0,455.0,1481.0
TCGA-76-6193,0.0,82.0,82.0,82.0
TCGA-26-5132,1.0,0.0,286.0,286.0
TCGA-06-0155,0.0,318.0,263.0,318.0
TCGA-12-1096,0.0,277.0,0.0,277.0
TCGA-02-0010,0.0,1077.0,1077.0,1077.0
TCGA-32-5222,0.0,585.0,323.0,585.0
TCGA-06-0876,1.0,0.0,1405.0,1405.0
TCGA-12-3649,0.0,463.0,351.0,463.0
TCGA-19-0957,0.0,666.0,666.0,666.0
TCGA-06-0128,0.0,691.0,691.0,691.0
TCGA-12-0620,0.0,318.0,181.0,318.0
TCGA-06-0414,0.0,1068.0,1065.0,1068.0
TCGA-12-5301,0.0,62.0,62.0,62.0
TCGA-06-0164,0.0,1731.0,1730.0,1731.0
TCGA-12-0619,0.0,1062.0,316.0,1062.0
TCGA-76-6661,0.0,727.0,7.0,727.0
TCGA-27-2519,0.0,550.0,316.0,550.0
TCGA-32-2615,0.0,485.0,485.0,485.0
TCGA-28-5216,1.0,0.0,415.0,415.0
TCGA-12-1099,0.0,126.0,104.0,126.0
TCGA-19-A6J4,0.0,121.0,0.0,121.0
TCGA-06-5415,1.0,0.0,260.0,260.0
TCGA-06-5414,1.0,0.0,273.0,273.0
TCGA-08-0516,0.0,596.0,561.0,596.0
TCGA-26-5136,0.0,577.0,37.0,577.0
TCGA-02-0422,0.0,441.0,441.0,441.0
TCGA-02-0289,0.0,432.0,432.0,432.0
TCGA-06-0174,0.0,98.0,67.0,98.0
TCGA-06-1806,0.0,466.0,0.0,466.0
TCGA-06-0173,0.0,136.0,7.0,136.0
TCGA-12-3644,0.0,1818.0,1807.0,1818.0
TCGA-08-0509,0.0,382.0,17.0,382.0
TCGA-12-3652,0.0,1062.0,1050.0,1062.0
TCGA-12-0670,0.0,790.0,790.0,790.0
TCGA-06-0878,1.0,0.0,218.0,218.0
TCGA-26-1442,1.0,0.0,953.0,953.0
TCGA-02-0023,0.0,612.0,612.0,612.0
TCGA-06-0146,0.0,611.0,611.0,611.0
TCGA-02-0338,0.0,322.0,322.0,322.0
TCGA-41-6646,0.0,379.0,236.0,379.0
TCGA-02-0104,0.0,1977.0,1977.0,1977.0
TCGA-02-0034,0.0,430.0,430.0,430.0
TCGA-06-0133,0.0,435.0,428.0,435.0
TCGA-06-0149,0.0,262.0,239.0,262.0
TCGA-19-5955,0.0,54.0,54.0,54.0
TCGA-12-0828,0.0,272.0,272.0,272.0
TCGA-76-4929,0.0,111.0,111.0,111.0
TCGA-76-6280,0.0,346.0,346.0,346.0
TCGA-14-1455,0.0,28.0,28.0,28.0
TCGA-14-1451,0.0,703.0,703.0,703.0
TCGA-02-2470,0.0,393.0,393.0,393.0
TCGA-06-A6S1,0.0,78.0,0.0,78.0
TCGA-RR-A6KA,0.0,191.0,0.0,191.0
TCGA-06-6699,1.0,0.0,47.0,47.0
TCGA-76-4927,0.0,535.0,535.0,535.0
TCGA-06-0939,0.0,814.0,637.0,814.0
TCGA-12-0769,0.0,458.0,378.0,458.0
TCGA-27-1831,0.0,505.0,505.0,505.0
TCGA-16-0848,0.0,535.0,302.0,535.0
TCGA-14-1458,0.0,203.0,187.0,203.0
TCGA-02-0084,0.0,384.0,7.0,384.0
TCGA-12-3653,0.0,442.0,357.0,442.0
TCGA-32-1991,0.0,515.0,515.0,515.0
TCGA-19-5959,0.0,511.0,161.0,511.0
TCGA-12-1092,0.0,661.0,658.0,661.0
TCGA-06-0130,0.0,394.0,320.0,394.0
TCGA-14-0740,0.0,364.0,364.0,364.0
TCGA-06-0195,0.0,225.0,214.0,225.0
TCGA-02-0260,0.0,515.0,515.0,515.0
TCGA-76-6663,0.0,567.0,235.0,567.0
TCGA-06-0881,0.0,504.0,178.0,504.0
TCGA-12-1088,0.0,3881.0,3881.0,3881.0
TCGA-06-0189,0.0,469.0,454.0,469.0
TCGA-15-1449,0.0,404.0,0.0,404.0
TCGA-06-0158,0.0,329.0,166.0,329.0
TCGA-16-1047,0.0,139.0,25.0,139.0
TCGA-02-0333,0.0,133.0,133.0,133.0
TCGA-06-0152,0.0,375.0,359.0,375.0
TCGA-06-2566,0.0,182.0,182.0,182.0
TCGA-19-2624,0.0,5.0,5.0,5.0
TCGA-06-0159,0.0,287.0,0.0,287.0
TCGA-27-2526,0.0,87.0,87.0,87.0
TCGA-15-1444,0.0,1537.0,0.0,1537.0
TCGA-06-0139,0.0,362.0,327.0,362.0
TCGA-12-0692,0.0,111.0,80.0,111.0
TCGA-16-0849,1.0,0.0,793.0,793.0
TCGA-06-0213,0.0,16.0,6.0,16.0
TCGA-02-2466,0.0,511.0,511.0,511.0
TCGA-41-2572,0.0,406.0,406.0,406.0
TCGA-08-0353,0.0,256.0,195.0,256.0
TCGA-12-3650,0.0,333.0,333.0,333.0
TCGA-02-0057,0.0,604.0,604.0,604.0
TCGA-76-6192,0.0,100.0,100.0,100.0
TCGA-41-4097,0.0,6.0,6.0,6.0
TCGA-06-2561,0.0,537.0,282.0,537.0
TCGA-14-0871,0.0,880.0,880.0,880.0
TCGA-32-1977,1.0,0.0,3.0,3.0
TCGA-74-6573,0.0,105.0,0.0,105.0
TCGA-19-5956,0.0,684.0,198.0,684.0
TCGA-74-6581,1.0,0.0,250.0,250.0
TCGA-06-0686,0.0,432.0,286.0,432.0
TCGA-14-0866,0.0,801.0,801.0,801.0
TCGA-06-0122,0.0,187.0,8.0,187.0
TCGA-12-3651,0.0,386.0,358.0,386.0
TCGA-06-0194,0.0,142.0,142.0,142.0
TCGA-19-1789,0.0,99.0,99.0,99.0
TCGA-41-2571,0.0,26.0,26.0,26.0
TCGA-08-0531,0.0,230.0,168.0,230.0
TCGA-81-5911,1.0,0.0,539.0,539.0
TCGA-02-0054,0.0,199.0,199.0,199.0
TCGA-26-5135,0.0,270.0,0.0,270.0
TCGA-15-0742,0.0,419.0,0.0,419.0
TCGA-06-0240,0.0,621.0,0.0,621.0
TCGA-06-0160,0.0,359.0,0.0,359.0
TCGA-02-0317,0.0,372.0,372.0,372.0
TCGA-28-1757,1.0,0.0,4.0,4.0
TCGA-06-0184,0.0,2126.0,1228.0,2126.0
TCGA-02-0059,0.0,291.0,291.0,291.0
TCGA-02-0055,0.0,76.0,76.0,76.0
TCGA-02-0337,0.0,764.0,764.0,764.0
TCGA-28-2514,1.0,0.0,160.0,160.0
TCGA-28-1756,1.0,0.0,86.0,86.0
TCGA-02-0027,0.0,370.0,315.0,370.0
TCGA-14-1829,1.0,0.0,218.0,218.0
TCGA-12-1597,0.0,675.0,427.0,675.0
TCGA-19-2623,1.0,0.0,229.0,229.0
TCGA-06-2565,0.0,506.0,207.0,506.0
TCGA-08-0349,0.0,298.0,231.0,298.0
TCGA-02-0038,0.0,326.0,326.0,326.0
TCGA-32-1976,0.0,15.0,15.0,15.0
TCGA-28-2506,1.0,0.0,205.0,205.0
TCGA-06-5418,0.0,83.0,83.0,83.0
TCGA-06-0167,0.0,347.0,0.0,347.0
TCGA-02-0070,1.0,0.0,762.0,762.0
TCGA-27-2518,0.0,753.0,753.0,753.0
TCGA-28-5211,1.0,0.0,358.0,358.0
TCGA-41-3915,0.0,360.0,360.0,360.0
TCGA-08-0529,0.0,560.0,527.0,560.0
TCGA-02-0007,0.0,705.0,705.0,705.0
TCGA-14-0781,0.0,29.0,29.0,29.0
TCGA-06-1084,0.0,728.0,226.0,728.0
TCGA-76-6664,1.0,0.0,1101.0,1101.0
TCGA-19-5947,0.0,202.0,202.0,202.0
TCGA-14-0813,0.0,41.0,41.0,41.0
TCGA-28-6450,0.0,165.0,165.0,165.0
TCGA-32-4210,0.0,113.0,113.0,113.0
TCGA-12-0653,0.0,320.0,0.0,320.0
TCGA-4W-AA9S,1.0,0.0,44.0,44.0
TCGA-06-0141,0.0,313.0,280.0,313.0
TCGA-76-6662,0.0,1048.0,282.0,1048.0
TCGA-08-0245,0.0,1151.0,1057.0,1151.0
TCGA-19-5950,0.0,523.0,343.0,523.0
TCGA-19-4065,1.0,0.0,214.0,214.0
TCGA-02-2486,0.0,618.0,493.0,618.0
TCGA-27-2528,0.0,480.0,480.0,480.0
TCGA-14-0862,0.0,88.0,88.0,88.0
TCGA-06-0132,0.0,771.0,570.0,771.0
TCGA-16-1062,0.0,646.0,556.0,646.0
TCGA-12-3648,0.0,819.0,784.0,819.0
TCGA-02-0321,0.0,301.0,301.0,301.0
TCGA-02-0021,0.0,2362.0,2362.0,2362.0
TCGA-06-0875,1.0,0.0,1322.0,1322.0
TCGA-19-5954,0.0,368.0,242.0,368.0
TCGA-14-1396,0.0,34.0,34.0,34.0
TCGA-27-1838,0.0,350.0,350.0,350.0
TCGA-26-1440,1.0,0.0,296.0,296.0
TCGA-14-1795,0.0,60.0,60.0,60.0
TCGA-06-0397,0.0,274.0,168.0,274.0
TCGA-19-5960,0.0,455.0,165.0,455.0
TCGA-32-2491,0.0,372.0,372.0,372.0
TCGA-28-5219,1.0,0.0,690.0,690.0
TCGA-14-0867,0.0,62.0,62.0,62.0
TCGA-06-0187,0.0,828.0,801.0,828.0
TCGA-08-0511,0.0,235.0,235.0,235.0
TCGA-16-0850,0.0,498.0,496.0,498.0
TCGA-02-0011,0.0,630.0,630.0,630.0
TCGA-06-0650,0.0,717.0,717.0,717.0
TCGA-02-0114,0.0,3041.0,3041.0,3041.0
TCGA-06-0402,0.0,8.0,8.0,8.0
TCGA-26-1438,1.0,0.0,305.0,305.0
TCGA-06-0206,0.0,233.0,197.0,233.0
TCGA-02-0107,0.0,537.0,537.0,537.0
TCGA-26-A7UX,1.0,0.0,588.0,588.0
TCGA-12-0618,0.0,395.0,50.0,395.0
TCGA-12-1097,0.0,442.0,442.0,442.0
TCGA-27-1834,0.0,1233.0,1008.0,1233.0
TCGA-02-0028,0.0,2755.0,2755.0,2755.0
TCGA-06-5410,0.0,108.0,108.0,108.0
TCGA-02-0446,0.0,282.0,282.0,282.0
TCGA-02-0039,0.0,320.0,320.0,320.0
TCGA-08-0244,0.0,690.0,690.0,690.0
TCGA-12-1095,0.0,482.0,482.0,482.0
TCGA-32-1986,0.0,386.0,386.0,386.0
TCGA-06-6693,0.0,3667.0,15.0,3667.0
TCGA-06-6698,1.0,0.0,145.0,145.0
TCGA-06-5408,0.0,357.0,342.0,357.0
TCGA-06-6389,1.0,0.0,237.0,237.0
TCGA-12-1090,0.0,231.0,190.0,231.0
TCGA-76-6283,0.0,165.0,0.0,165.0
TCGA-02-0085,0.0,1561.0,1561.0,1561.0
TCGA-02-0111,0.0,705.0,705.0,705.0
TCGA-19-0955,1.0,0.0,358.0,358.0
TCGA-02-0113,1.0,0.0,2818.0,2818.0
TCGA-28-1752,1.0,0.0,258.0,258.0
TCGA-06-0201,0.0,12.0,12.0,12.0
TCGA-06-0143,0.0,357.0,357.0,357.0
TCGA-27-1835,0.0,648.0,648.0,648.0
TCGA-06-0646,0.0,175.0,136.0,175.0
TCGA-06-A6S0,0.0,95.0,0.0,95.0
TCGA-08-0510,0.0,130.0,107.0,130.0
TCGA-76-4925,0.0,146.0,146.0,146.0
TCGA-74-6584,1.0,0.0,228.0,228.0
TCGA-06-0185,1.0,0.0,2246.0,2246.0
TCGA-06-0169,0.0,100.0,95.0,100.0
TCGA-28-1760,1.0,0.0,143.0,143.0
TCGA-26-5134,1.0,0.0,167.0,167.0
TCGA-02-0269,0.0,327.0,327.0,327.0
TCGA-14-0786,0.0,701.0,701.0,701.0
TCGA-27-2521,0.0,510.0,316.0,510.0
TCGA-19-0964,1.0,0.0,103.0,103.0
TCGA-06-0410,0.0,143.0,143.0,143.0
TCGA-28-1750,1.0,0.0,254.0,254.0
TCGA-08-0344,0.0,3524.0,3310.0,3524.0
TCGA-12-0775,0.0,232.0,167.0,232.0
TCGA-06-6700,1.0,0.0,145.0,145.0
TCGA-76-4935,0.0,1121.0,328.0,1121.0
TCGA-08-0351,0.0,1987.0,1637.0,1987.0
TCGA-06-6388,0.0,159.0,120.0,159.0
TCGA-06-5859,1.0,0.0,139.0,139.0
TCGA-12-1093,0.0,486.0,364.0,486.0
TCGA-12-0688,0.0,811.0,734.0,811.0
TCGA-02-0058,0.0,254.0,254.0,254.0
TCGA-28-1753,1.0,0.0,37.0,37.0
TCGA-19-2619,1.0,0.0,294.0,294.0
TCGA-16-1055,0.0,313.0,301.0,313.0
TCGA-14-1459,0.0,378.0,378.0,378.0
TCGA-12-0829,0.0,626.0,626.0,626.0
TCGA-02-0006,0.0,558.0,558.0,558.0
TCGA-19-1385,0.0,327.0,327.0,327.0
TCGA-27-1830,0.0,154.0,146.0,154.0
TCGA-12-0818,0.0,2791.0,2791.0,2791.0
TCGA-16-1056,0.0,426.0,406.0,426.0
TCGA-02-0099,0.0,106.0,106.0,106.0
TCGA-19-1791,1.0,0.0,4.0,4.0
TCGA-76-4934,0.0,77.0,77.0,77.0
TCGA-08-0392,0.0,22.0,9.0,22.0
TCGA-02-0068,0.0,804.0,804.0,804.0
TCGA-12-1598,0.0,476.0,287.0,476.0
TCGA-14-1395,0.0,42.0,42.0,42.0
TCGA-06-0412,0.0,291.0,245.0,291.0
TCGA-08-0386,0.0,548.0,478.0,548.0
TCGA-12-0656,0.0,2883.0,2005.0,2883.0
TCGA-08-0356,0.0,946.0,447.0,946.0
TCGA-06-0137,0.0,812.0,702.0,812.0
TCGA-02-0102,0.0,822.0,822.0,822.0
TCGA-02-0014,0.0,2512.0,2512.0,2512.0
TCGA-02-0324,0.0,235.0,235.0,235.0
TCGA-12-0822,0.0,715.0,715.0,715.0
TCGA-06-0126,0.0,211.0,3.0,211.0
TCGA-76-6656,0.0,147.0,147.0,147.0
TCGA-28-5213,0.0,0.0,951.0,951.0
TCGA-02-0290,0.0,485.0,485.0,485.0
TCGA-28-5215,0.0,335.0,237.0,335.0
TCGA-14-0783,0.0,189.0,189.0,189.0
TCGA-06-0147,0.0,541.0,508.0,541.0
TCGA-06-0142,0.0,67.0,0.0,67.0
TCGA-02-0025,0.0,1300.0,1300.0,1300.0
TCGA-06-0211,0.0,360.0,360.0,360.0
TCGA-27-1833,0.0,737.0,555.0,737.0
TCGA-32-2616,0.0,224.0,224.0,224.0
TCGA-41-2575,0.0,290.0,290.0,290.0
TCGA-16-1063,0.0,425.0,425.0,425.0
TCGA-16-1045,0.0,883.0,883.0,883.0
TCGA-02-0016,0.0,2648.0,1699.0,2648.0
TCGA-06-5416,1.0,0.0,204.0,204.0
TCGA-19-1389,0.0,141.0,141.0,141.0
TCGA-02-0074,0.0,310.0,310.0,310.0
TCGA-08-0246,0.0,127.0,119.0,127.0
TCGA-08-0346,0.0,256.0,132.0,256.0
TCGA-76-6282,0.0,519.0,519.0,519.0
TCGA-02-0116,0.0,1489.0,1489.0,1489.0
TCGA-12-0616,0.0,448.0,439.0,448.0
TCGA-06-1805,1.0,0.0,1031.0,1031.0
TCGA-19-2625,0.0,124.0,124.0,124.0
TCGA-12-0703,0.0,620.0,551.0,620.0
TCGA-28-1755,0.0,47.0,47.0,47.0
TCGA-19-0960,1.0,0.0,262.0,262.0
TCGA-06-0747,0.0,82.0,82.0,82.0
TCGA-19-1392,0.0,111.0,106.0,111.0
TCGA-14-1450,1.0,0.0,1788.0,1788.0
TCGA-06-1086,0.0,208.0,193.0,208.0
TCGA-26-5133,1.0,0.0,452.0,452.0
TCGA-06-0151,0.0,1417.0,0.0,1417.0
TCGA-06-6697,1.0,0.0,391.0,391.0
TCGA-12-1601,0.0,0.0,0.0,0.0
TCGA-12-0654,0.0,231.0,218.0,231.0
TCGA-15-1447,1.0,0.0,1618.0,1618.0
TCGA-02-0043,0.0,557.0,557.0,557.0
TCGA-02-0325,0.0,323.0,323.0,323.0
TCGA-15-1446,1.0,0.0,581.0,581.0
TCGA-06-1800,0.0,815.0,815.0,815.0
TCGA-06-0154,0.0,424.0,389.0,424.0
TCGA-06-1087,0.0,123.0,109.0,123.0
TCGA-14-1825,0.0,232.0,0.0,232.0
TCGA-27-1837,0.0,427.0,427.0,427.0
TCGA-74-6577,1.0,0.0,132.0,132.0
TCGA-06-0237,0.0,415.0,315.0,415.0
TCGA-14-1452,0.0,216.0,216.0,216.0
TCGA-06-0124,0.0,620.0,123.0,620.0
TCGA-14-1402,0.0,975.0,975.0,975.0
TCGA-08-0385,0.0,82.0,31.0,82.0
TCGA-02-0330,0.0,484.0,484.0,484.0
TCGA-28-5218,0.0,157.0,128.0,157.0
TCGA-06-5417,1.0,0.0,155.0,155.0
TCGA-28-2513,1.0,0.0,222.0,222.0
TCGA-02-0075,0.0,634.0,634.0,634.0
TCGA-06-0175,0.0,123.0,83.0,123.0
TCGA-14-3476,0.0,12.0,12.0,12.0
TCGA-02-0004,0.0,345.0,345.0,345.0
TCGA-02-0451,0.0,493.0,493.0,493.0
TCGA-76-6657,0.0,153.0,153.0,153.0
TCGA-02-0456,0.0,102.0,102.0,102.0
TCGA-08-0522,0.0,635.0,555.0,635.0
TCGA-02-0440,0.0,345.0,345.0,345.0
TCGA-08-0625,0.0,0.0,0.0,0.0
TCGA-08-0623,0.0,0.0,0.0,0.0
TCGA-06-0680,0.0,0.0,0.0,0.0
TCGA-06-0673,0.0,0.0,0.0,0.0
TCGA-28-2501,0.0,0.0,0.0,0.0
TCGA-02-0336,0.0,0.0,0.0,0.0
TCGA-06-AABW,0.0,0.0,0.0,0.0
TCGA-08-0626,0.0,0.0,0.0,0.0
TCGA-02-0329,0.0,0.0,0.0,0.0
TCGA-06-0121,0.0,0.0,0.0,0.0
TCGA-06-0675,0.0,0.0,0.0,0.0
TCGA-06-0676,0.0,0.0,0.0,0.0
TCGA-06-0678,0.0,0.0,0.0,0.0
TCGA-08-0627,0.0,0.0,0.0,0.0
TCGA-16-1048,0.0,0.0,0.0,0.0
TCGA-02-0250,0.0,0.0,0.0,0.0
TCGA-06-0681,0.0,0.0,0.0,0.0
TCGA-28-2510,0.0,0.0,0.0,0.0
